

Software Version	2.09.1



Experiment File Path:	C:\Users\Lippert Lab\Documents\LippertLab\Caleb\CMG1_210.xpt
Protocol File Path:	



Plate Number	Plate 1
Date	10/28/2024
Time	4:18:21 PM
Reader Type:	Cytation5
Reader Serial Number:	1601252F
Reading Type	Reader

Procedure Details

Plate Type	96 WELL PLATE
Eject plate on completion	
Start Kinetic	Runtime 2:00:00 (HH:MM:SS), Interval 0:01:00, 121 Reads
    Read	Luminescence Endpoint
	A1..F8
	Integration Time: 0:01.00 (MM:SS.ss)
	Filter Set 1
	    Emission: Full light
	    Optics: Top,  Gain: 135
	Read Speed: Normal,  Delay: 100 msec
	Extended Dynamic Range
	Read Height: 1 mm
End Kinetic	

Lum

Time	T° Lum	A1	A2	A3	A4	A5	A6	A7	A8	A9	A10	A11	A12	B1	B2	B3	B4	B5	B6	B7	B8	B9	B10	B11	B12	C1	C2	C3	C4	C5	C6	C7	C8	C9	C10	C11	C12	D1	D2	D3	D4	D5	D6	D7	D8	D9	D10	D11	D12	E1	E2	E3	E4	E5	E6	E7	E8	E9	E10	E11	E12	F1	F2	F3	F4	F5	F6	F7	F8	F9	F10	F11	F12	G1	G2	G3	G4	G5	G6	G7	G8	G9	G10	G11	G12	H1	H2	H3	H4	H5	H6	H7	H8	H9	H10	H11	H12
0:00:00	24.0	53600	49932	45174	53243	64649	40878	169122	364325					47713	47922	49279	49286	49451	454260	480259	55850					55628	48830	51275	47844	58626	104655	191792	302466					55269	54131	49054	35584	27497	358349	449498	60113					58350	55794	53330	47026	34286	50662	162299	422618					60590	64352	55568	48959	38586	496033	582182	60573																												
0:01:00	24.0	53764	50057	45416	52962	64483	40813	173594	367856					47983	47706	49338	49214	50059	443384	469297	55165					55515	48483	51006	47745	58770	101380	189029	300772					55143	54584	48929	35588	27341	344263	433669	59130					58276	55654	53317	46662	34821	50757	162639	428769					59927	64209	54907	48420	38606	474631	572593	59392																												
0:02:00	24.0	53620	49851	45253	52925	63977	40263	174147	365825					47997	47422	49246	49028	49488	427276	449945	55268					55397	48225	51437	47789	58287	99511	185245	294731					55474	54697	48347	35940	27621	329198	424793	58668					58336	55492	53417	46386	34723	50741	159588	432566					59439	63532	54619	47964	38791	456229	560076	58950																												
0:03:00	24.0	53099	48914	44808	52189	63725	40235	170924	362164					47597	47204	49312	48832	49199	415954	435208	54763					54573	48152	51254	47198	58558	97332	183773	287355					55054	54480	48027	35785	27369	319318	409199	57904					57644	55600	53338	46365	34837	50217	157281	429194					58891	62888	54412	47972	38291	437250	546629	57948																												
0:04:00	24.0	52596	48989	44420	52152	63636	40136	170252	360155					47172	47119	48483	48527	49308	403059	421989	53874					54403	48098	51368	47132	57973	95110	179360	281859					54987	54347	48419	35729	27607	305889	402384	57288					57493	55256	53504	46636	34750	50182	152931	426520					58131	61956	53795	47620	37960	425284	532520	57149																												
0:05:00	24.1	52441	48712	43975	51660	63277	39448	168845	352554					47048	46966	48694	48555	49033	393097	407842	53695					53940	47588	50565	47085	57467	93532	177122	275136					54176	54188	47802	35837	27837	297424	388056	56914					57283	55103	52836	46091	34898	49813	148950	422420					57401	61245	53290	47076	37911	405847	515401	55867																												
0:06:00	24.1	51913	48388	43874	50739	62560	39876	165206	341937					46411	46639	48088	47508	48760	386362	394578	53161					53196	47459	50699	47163	57337	91382	172784	269596					54149	54030	47873	35761	27786	286974	377679	55650					56771	54811	52405	45797	34659	48905	145771	412832					56608	60613	52483	46660	37961	395695	506939	55178																												
0:07:00	24.1	50954	47774	43337	50544	61932	39169	162250	336992					45793	46434	47607	47634	47887	375353	382951	52441					52573	47186	50107	46539	56816	89380	167777	263116					53309	53508	47699	35824	27704	276786	365818	55025					56067	54387	52070	46006	34856	48492	142759	406891					55783	59575	52084	46494	37480	381580	495870	54453																												
0:08:00	24.1	50535	47366	43120	50141	61518	38855	160481	326341					45389	46016	47306	46826	47956	364691	370049	51678					52613	46980	49682	46102	56287	87347	166261	256224					52599	52762	47018	35715	28141	270396	358044	54153					55811	54279	51752	45295	34532	48241	140951	400182					55077	58973	51528	46035	36855	364800	487438	53756																												
0:09:00	24.1	49719	46678	42647	49410	60601	38014	156248	318255					44868	45703	46678	46480	47073	355312	359247	51051					51932	46133	49317	45420	55203	85497	163864	246506					52108	52520	46574	35648	27717	261904	349562	52960					54761	53455	51360	45022	34782	47637	136195	394102					54459	58646	50659	45284	36956	354015	464967	52661																												
0:10:00	24.1	49109	46204	42276	48771	59617	37630	152409	311047					44518	45291	46661	45570	46748	343791	349841	50499					51202	45682	48815	45276	54838	83757	158698	240347					51661	51435	46518	35547	28014	251465	336632	52533					53988	52841	50670	44507	34623	47100	134525	383132					53842	57389	50367	45434	36722	345289	457398	51817																												
0:11:00	24.1	49040	45398	42004	48294	59266	37348	148715	303592					43782	44299	46058	45101	45622	335365	338005	49965					50766	45087	48193	44499	54237	81351	154617	235218					50968	51006	45826	34999	28046	245416	328009	51469					53252	52157	50210	44477	34563	46247	129865	370767					52858	56281	49522	45060	36588	333169	443958	51145																												
0:12:00	24.2	48288	45086	41623	47619	58331	36855	146718	294155					43448	44185	45475	44467	45593	325371	328829	49228					50548	44830	47654	44169	53661	79912	152439	226358					49921	50173	45408	35377	27737	240940	319698	50685					52509	51539	49544	44110	34199	45910	126819	363635					51998	55714	48863	44524	36284	323067	431765	49782																												
0:13:00	24.2	47988	44676	41150	46946	57475	36281	142657	288363					43024	44036	44719	43748	45032	316140	318084	48645					49660	44235	47279	43696	52813	78102	150449	223270					49227	49668	44828	34821	27725	230191	310996	49970					51290	51136	48729	43743	34028	44930	124556	356206					51240	54966	48563	43895	35875	312149	422776	49144																												
0:14:00	24.2	47213	43998	40668	46303	56606	36058	141435	276171					42551	42753	44248	43515	44391	307272	308520	47805					48937	43860	46836	42955	52008	76575	146263	216567					48779	49026	44356	34534	27938	223510	303824	49505					51444	50366	48390	43211	34131	44162	120127	345779					50237	54241	47723	43620	35563	300108	414721	48238																												
0:15:00	24.2	46622	43192	39969	45978	56219	35540	136558	271480					41728	42721	43449	43133	43611	297919	300059	47308					48311	43225	46050	42591	51081	74805	143548	208886					47996	48315	43814	34465	27734	216723	296118	48464					50139	49934	47677	42655	34170	43617	116707	336579					49732	53732	46996	43215	35298	292040	403880	47497																												
0:16:00	24.2	45800	43024	39674	45564	54756	35287	133243	265197					41076	41685	43277	42247	43380	293038	292046	46480					47584	42722	45343	42090	50679	72841	142056	202955					47269	47737	43349	34465	27586	208510	285531	47882					49570	48866	47013	42580	33811	43525	115400	331953					49081	52337	46221	42554	35405	284007	389091	46583																												
0:17:00	24.2	45076	42611	39109	44545	54447	34823	129684	257670					40811	41158	42554	41746	42673	285561	282619	45526					46975	42221	44274	41103	49842	71355	136909	198920					46147	46720	42593	34256	27432	202922	278329	46808					48682	48515	46372	42064	33787	42454	113559	320965					48607	52148	45773	42197	34995	273208	381898	46105																												
0:18:00	24.2	44675	42048	38483	44117	53098	34072	126273	246804					40111	40868	41738	40966	41987	275539	276544	44676					45822	41434	43738	40953	49204	69775	131803	190114					45839	46498	41922	33818	27452	197586	270698	46034					47880	47557	45543	41419	33184	41956	109373	310040					47612	50791	45010	41606	34873	268214	371591	45332																												
0:19:00	24.2	43708	41295	38298	43471	52006	33563	123644	239477					39686	40040	41214	40831	41286	267252	265285	44191					45658	41200	43366	40198	48535	68151	130802	185797					44964	45741	41550	33290	27298	191075	265027	44997					47283	46992	45115	41422	33269	41409	106906	302418					46783	50079	44408	41024	34259	258705	358619	44309																												
0:20:00	24.2	43205	40735	37675	42382	51261	32967	120039	236571					39136	39717	40702	39883	40898	263319	260401	43579					44750	40475	42708	39632	47638	66654	126526	181977					44534	44631	40961	33009	27123	185538	257612	44481					46371	46132	44126	40824	33020	40734	104120	293261					45895	48923	43922	40634	34078	248576	352396	43529																												
0:21:00	24.3	42412	39913	37020	41869	50480	32667	116422	227737					38520	39090	39978	38954	39991	256385	254461	42889					44184	39959	41889	38980	46735	65071	124485	177974					43382	43859	40442	32720	27116	180347	246488	43784					45395	45552	43467	40289	32706	39967	101600	288494					45198	47878	43001	39867	33898	241938	342910	42777																												
0:22:00	24.3	41636	39145	36592	41218	49807	31989	112876	222664					37911	38679	39658	38735	39455	246883	243001	42017					43312	39325	41257	38299	46029	63869	120969	172594					42965	43294	39732	32412	27101	173881	243070	42992					44836	44514	43062	39641	32289	39240	99211	278585					44465	47251	42415	39486	33312	234417	335590	41789																												
0:23:00	24.3	41013	38717	36405	40439	48804	31170	110298	216820					37447	37418	38540	37800	38549	241019	237558	41562					42699	38475	40615	37655	45189	62372	116620	167022					42170	42705	39187	31895	27134	167802	236432	41792					43970	44143	42170	39497	32256	38639	96799	272071					43620	46285	41602	39119	33425	225059	326150	41190																												
0:24:00	24.3	40469	38211	35561	39650	48010	30936	106308	211826					36966	37100	38298	37069	38120	233071	231070	40762					41596	38207	40112	37081	44386	60248	113686	161829					41581	41477	38512	32011	26760	163762	230479	41349					43173	43655	41501	39130	32050	37879	94264	262073					43086	45263	41087	38624	33256	220526	314529	40658																												
0:25:00	24.3	39695	37462	34949	39113	46637	30575	104705	203233					36490	36490	37421	36202	37249	228155	226424	40064					41421	37473	39359	36762	43797	59726	111360	156445					40877	40758	37825	31081	26861	157434	222550	40698					42320	42304	40758	38496	31798	37395	91769	255901					41854	44669	40225	38159	32535	213385	310699	39922																												
0:26:00	24.3	38942	36827	34333	38625	46130	30035	102160	196204					35412	35849	37053	35623	36854	225891	217460	39670					40546	37106	38572	35936	42740	57723	110513	150937					39982	40343	37738	31304	26745	154943	217007	39449					41613	41825	39909	38060	31662	37104	89235	248385					41446	43618	39392	37305	32659	203993	301527	38806																												
0:27:00	24.3	38491	36680	33709	37778	45207	29615	99498	192339					35013	35518	35893	35110	36086	215735	209872	38703					39945	36416	38395	35175	42085	56580	107152	148935					39146	39617	36674	30893	26240	150667	212904	39019					40672	41366	39269	37469	31683	36454	87402	240742					40601	42946	38866	37179	32197	200496	294217	38027																												
0:28:00	24.3	37757	35729	33281	37470	44535	29147	97388	186821					34370	34824	35446	34514	35794	209031	205622	38387					39093	35773	37000	34731	41255	55002	103889	144828					38596	38806	36184	30514	26372	145164	204040	38310					40015	40511	38644	36772	31337	35590	84723	234555					40068	41907	38506	36532	31840	194647	282599	37579																												
0:29:00	24.3	36800	35050	32807	36890	43334	28295	94639	178997					34060	33988	34767	33959	35041	205059	201072	37251					38415	34897	37031	33759	40961	53934	101700	138650					37383	37992	35535	29940	26314	142515	200159	37386					39270	39597	37991	36132	31172	34930	82543	227991					39127	40973	37412	36162	31407	187737	278885	36370																												
0:30:00	24.3	36535	34481	32581	35900	42840	28134	92891	175032					33120	33494	34155	33183	34435	198236	193013	36909					37699	34599	35891	33435	39894	52958	98624	135140					37184	37253	34791	29486	26119	136612	193961	37075					38504	39025	37235	36278	30720	34435	81189	223114					38554	40409	36906	35665	30962	181766	268358	36055																												
0:31:00	24.3	35662	33860	31794	35423	41841	27516	89696	173034					32675	33048	33814	32497	34026	197133	187086	36405					36911	33790	35378	32707	39148	51265	96975	131038					36206	36644	34393	29325	25709	132288	191653	36210					37891	38325	36354	35276	30559	33750	78972	215132					37805	39410	36231	35028	30916	178334	263370	35475																												
0:32:00	24.4	34905	33385	31425	34602	41027	26742	87405	166720					32144	32597	32735	32000	33503	189505	181869	35697					36291	33432	34829	31951	38014	50259	94058	127279					35414	35585	33953	29007	25529	130032	185612	35463					36868	37821	35460	35156	30136	33196	77039	208517					37172	39067	35540	34414	30655	171555	256586	34689																												
0:33:00	24.4	34582	32857	30576	34200	39899	26385	85335	160663					31110	31458	32759	31168	32869	183073	178126	34961					35635	32656	34050	31602	37660	49387	91803	123821					34702	34932	32892	28344	25423	126134	179533	35076					36325	36779	35343	34445	30137	32591	74961	203437					36371	37948	34856	33808	30296	167079	250907	33839																												
0:34:00	24.4	33929	32081	30410	33661	39196	26040	83464	155899					30890	31165	31778	30840	32261	178642	173390	34279					35097	32374	33389	30871	37026	48073	89218	118630					34438	34679	32442	28285	25275	121589	173398	33963					35445	36289	34515	34128	29646	31798	72740	198230					35531	37175	34352	33554	29994	159597	242663	33430																												
0:35:00	24.4	33378	31565	30071	32758	38752	25415	80647	154017					30732	30589	31014	30105	31473	172736	167728	33735					34238	31440	32996	30677	36120	47182	87210	117631					33772	33718	31953	27987	25081	118177	170466	33478					34583	35578	33553	33422	29617	31393	71179	192785					34898	36345	33934	33041	29527	156320	234678	32649																												
0:36:00	24.4	32679	31072	29301	32286	37966	24744	78909	147248					30031	29925	30735	29414	30857	170969	164179	33282					33666	31223	32375	29966	35472	45735	85102	114516					33163	32976	31387	27329	25018	113449	164818	32894					34008	34583	33126	32756	28969	30678	69354	184974					34139	35697	32890	32677	29190	151066	230516	32215																												
0:37:00	24.4	32199	30281	29050	32027	36767	24229	76676	143845					29441	29574	29874	29199	30261	164683	157557	32995					33071	30394	31834	29005	34579	44626	83084	110096					32211	32420	30715	27087	24748	111701	161648	32471					33486	34327	32252	32363	28888	30140	67401	181024					33708	34968	32316	32023	28791	146316	225409	31601																												
0:38:00	24.5	31474	29948	28384	31173	35905	23889	74914	139814					28969	29029	29667	28443	29914	162606	155564	32135					32277	29971	31266	28599	33943	43451	80833	106959					31836	31648	30234	26695	24476	107574	157186	31428					32646	33426	31778	32157	28699	29515	65483	178460					32888	34076	31801	31477	28767	143158	218132	30850																												
0:39:00	24.5	30846	29214	27889	30723	35306	23305	72708	134753					28384	28228	28923	28022	29345	157787	149848	31629					31823	29617	30782	28084	33587	42242	78526	103989					31265	31155	29248	26564	24219	106310	152575	30794					32004	33061	31059	31933	28310	28981	63979	172164					32539	33567	30904	30911	28068	138910	214564	29989																												
0:40:00	24.5	30340	28765	27596	29916	34503	22885	71076	131765					27464	28030	28173	27542	28631	153811	147429	31252					31165	28776	30318	27408	32760	41350	76450	100966					30814	30501	28765	26097	24160	101732	148217	30290					31360	32646	30645	31157	28102	28702	62674	167991					31763	32477	30397	30532	28101	134240	207789	29799																												
0:41:00	24.5	29644	28059	27143	29202	33532	22623	69260	127521					27303	27183	27679	27058	28030	150717	141115	30443					30689	28464	29483	27000	31871	40570	74921	98105					30169	29798	28415	25696	23869	99129	144011	29856					30796	31648	29887	30297	27772	27737	60924	163458					30984	31883	29979	30077	27643	130137	203771	29179																												
0:42:00	24.5	29246	27608	26588	28885	33030	22294	67454	126558					26765	26634	27192	26061	27700	145668	138900	30045					30128	27869	28868	26405	31317	39735	72729	95186					29243	29351	27625	25179	23612	96095	140694	29009					29708	31073	29063	30087	27791	27504	59615	157312					30694	31370	29771	29615	27529	126052	196596	28416																												
0:43:00	24.5	28498	27123	26162	28339	32238	21775	65693	123601					26389	26435	26817	25938	27017	143566	133667	29757					29347	27443	28072	25839	30578	38729	70905	92913					28970	28288	27359	24925	23690	94062	137048	28551					29233	30413	28639	29457	27348	27011	57708	154651					30166	30555	28986	29068	27306	120801	192555	27927																												
0:44:00	24.6	28162	26870	25766	27969	31543	21494	63817	117623					25816	25856	26332	25346	26830	138045	130807	28899					28979	26707	27753	25362	29960	37875	69288	89666					28505	27884	26850	24544	23376	90676	133112	28008					28765	30070	28110	29226	27009	26443	56356	150679					29456	30079	28368	28752	26749	119751	188437	27384																												
0:45:00	24.6	27306	26180	25160	27334	30738	20801	62529	116859					25571	25395	25787	24854	26288	134891	127641	28641					28645	26300	26993	24526	29555	37003	67509	87536					27956	27612	26381	24370	23205	87893	129629	27487					28137	29418	27405	28778	26915	26094	55196	145503					28767	29552	27822	28237	26347	115307	183453	26822																												
0:46:00	24.6	26960	26006	24889	26957	29952	20416	61080	114268					24974	24701	25119	24309	25722	129884	125269	28521					27880	25898	26727	24133	28667	36171	65723	85303					27519	26570	25935	24047	22944	85612	125235	26973					27874	28847	26940	28343	26472	25348	53792	139720					28537	28662	27188	27779	26022	110340	178476	26471																												
0:47:00	24.6	26693	25376	24422	26091	29437	20222	59320	110823					24444	24183	24552	23640	25615	128034	120390	27748					27608	25403	26108	23733	28148	35197	64193	82595					27006	25854	25304	23501	22806	83330	125927	26208					27114	28119	26570	28197	26379	25139	52200	137957					27747	28381	26706	27338	25954	109500	172943	25776																												
0:48:00	24.6	25709	24831	24013	26058	28890	19800	57787	106417					24159	23864	24118	23583	24973	125728	117657	27224					26741	24850	25770	23211	27487	34344	62609	80428					26336	25820	24932	23355	22468	80664	119536	25945					26769	27763	25725	27076	25779	24495	50759	132773					27105	27608	26308	27075	25473	104438	169028	25520																												
0:49:00	24.6	25594	24373	23555	25320	28319	19362	56274	103706					23730	23260	23780	23084	24125	122997	116379	26907					26302	24373	25122	23095	26891	33627	61167	78353					25877	25008	24633	23029	22358	79182	116472	25412					25901	26923	25281	26784	25609	23913	49661	128892					26614	26971	25689	26687	25482	101722	165802	24787																												
0:50:00	24.7	25058	24122	23239	24953	27730	19063	55270	100702					23213	22902	23290	22566	23784	118680	111412	26197					26221	24190	24770	22416	26510	32492	59348	76837					25455	24763	23867	22474	22106	76831	113365	25041					25217	26836	24490	26623	25461	23538	48750	126647					26537	26407	25209	26321	25142	99445	160629	24674																												
0:51:00	24.7	24308	23550	22779	24289	26869	18693	53617	98416					22757	22540	22908	22128	23680	116063	109258	25670					25725	23567	24003	21892	25896	31930	57880	74603					25011	24095	23109	22185	22076	74479	112598	24433					24607	26083	24227	25904	25240	23222	47452	123572					25925	25992	24587	25801	24784	96427	156981	23878																												
0:52:00	24.7	24025	23022	22707	23982	26322	18147	51897	95394					22305	21789	22260	21684	23022	112062	105955	25702					25385	23095	23707	21324	25078	31195	56625	72497					24566	23533	22760	21999	22027	72225	107654	23713					24284	25618	23848	25914	24882	22722	45935	119513					25254	25512	24330	25241	24344	93780	152871	23530																												
0:53:00	24.7	23446	22526	22090	23384	25836	17966	50829	93104					21861	21579	22034	21244	22413	111399	103658	24973					24686	22580	23430	20990	24761	30698	55228	70346					24087	23327	22268	21720	21478	70427	105949	23233					23636	25095	23240	24977	24456	22216	44863	117223					24738	24936	23842	24966	24289	91024	147228	22881																												
0:54:00	24.7	23169	22006	21950	23178	25208	17368	49461	90979					21540	20986	21181	20893	22308	107743	101287	24701					24218	22094	22908	20413	24325	29845	53731	68820					23753	22713	22012	21123	21196	68355	103113	22870					23238	24542	22985	24777	24236	21764	43968	113819					24290	24402	23152	24451	23733	88032	145515	22609																												
0:55:00	24.7	22705	21719	21340	22450	24659	17223	48276	88720					21031	20754	20871	20444	21647	105806	98739	24515					23893	21902	22422	20031	23518	28987	53063	67279					23164	22379	21547	21105	21240	66659	100487	22568					22740	24012	22232	24378	24181	21334	42648	112318					23787	23929	23092	24256	23600	85592	142460	22279																												
0:56:00	24.7	22360	21228	21347	22199	24145	16948	47169	86690					20580	20409	20485	19947	21505	103207	96225	23921					23428	21436	21981	19747	23259	28685	51267	65648					22824	21860	21058	20763	20983	64936	98109	22052					22265	23691	22003	23802	23749	21027	41902	107412					23585	23248	22297	23992	23334	83253	140197	21629																												
0:57:00	24.8	21536	20874	20733	21919	23708	16675	46096	84166					20345	19968	20149	19634	20650	100398	93791	23446					23003	21006	21796	19377	22708	27926	50136	63624					22398	21462	20628	20519	20669	63027	95547	21807					22049	23130	21515	23575	23499	20508	40680	104243					23237	22646	22009	23477	23157	81311	134469	21347																												
0:58:00	24.8	21161	20633	20330	21323	23167	16225	44990	82166					19921	19513	19677	19465	20538	98162	92023	22978					22455	20711	21211	18686	22298	26996	48865	61842					22092	20722	20467	19939	20561	61197	93360	21225					21288	22650	20837	23213	23195	20211	39870	102172					22547	22117	21743	23044	23063	79063	133273	21192																												
0:59:00	24.8	20724	20181	19805	20888	22609	15833	43739	79937					19656	19307	19320	18834	20056	95826	88954	22835					22148	20187	20925	18374	21654	26615	48144	60429					21421	20681	19851	19926	20257	59709	91188	20745					21033	22224	20385	22837	23065	19890	38619	99547					22092	21461	20945	22653	22512	76898	128391	20586																												
1:00:00	24.8	20405	19828	19544	20426	21822	15439	42460	77884					19377	18905	18673	18593	19654	93779	87587	22353					21721	19482	20229	18060	21218	25829	46801	58555					21191	20364	19138	19488	20272	57995	88877	20653					20590	21691	19931	22499	22907	19453	37872	96983					21884	21427	20460	22280	22229	74956	126290	20093																												
1:01:00	24.8	20013	19448	19191	20003	21287	15403	41376	76399					18728	18639	18473	18123	19249	91509	85162	22011					21539	19570	19736	17722	20895	25042	45839	57244					20590	19885	19217	19179	19808	56761	86302	20030					20149	21370	19623	21934	22648	19170	36864	94695					21403	20685	20198	21998	22032	72445	122964	19982																												
1:02:00	24.8	19763	19127	18929	19809	21042	14868	40738	74363					18597	18234	18139	17722	18947	89547	83136	21573					21273	19150	19502	17288	20403	24938	44872	56166					20357	19346	18674	18802	19673	55138	84295	19615					19596	20889	19201	21547	22264	18540	36022	92240					20989	20278	19723	21712	21972	71140	121170	19456																												
1:03:00	24.8	19172	18590	18689	19393	20616	14629	39666	72323					18094	17845	17952	17434	18615	87890	81338	21540					20805	18907	19145	17109	20053	24561	43830	54291					19944	19405	18287	18482	19518	53966	82700	19281					19210	20407	18733	21235	22015	18046	34838	89610					20656	19982	19478	21335	21853	68598	117504	18953																												
1:04:00	24.8	18920	18079	18328	18905	20039	14401	38624	70578					17929	17617	17379	16949	18128	85488	78945	20801					20450	18427	18956	16458	19624	23731	42897	53605					19645	18691	17970	18176	19180	52538	80316	18987					18866	20039	18350	20800	21923	18073	34418	87927					20005	19381	19218	20987	21369	67192	116109	18677																												
1:05:00	24.8	18543	17893	17883	18760	19513	13958	37675	69076					17363	17275	16832	16827	17906	83138	77295	20434					19952	17867	18490	16245	19192	23052	41671	52211					19305	18352	17683	17894	19172	50878	78817	18413					18620	19657	18097	20573	21568	17792	33413	85512					19781	18972	18894	20734	21024	65482	112835	18304																												
1:06:00	24.9	18086	17436	17463	18250	19229	13775	37139	67008					17196	17001	16553	16359	17631	81795	75525	20087					19566	17684	18040	15848	18934	22658	40608	50617					18972	18050	17100	17574	18868	49471	76453	18291					18132	19652	17514	20086	21489	17234	32751	83180					19389	18728	18507	20464	20659	63660	108718	17906																												
1:07:00	24.9	17709	17125	17242	18058	18726	13469	36123	65657					16781	16812	16368	16177	17200	79633	73614	19894					19229	17683	17752	15509	18386	22185	40064	49691					18565	17568	16835	17336	18599	48389	74956	17940					17709	19132	17323	19517	21110	17085	32028	81363					18994	18042	17836	20040	20643	61803	108911	17679																												
1:08:00	24.9	17314	16795	17212	17812	18485	13186	35139	64056					16554	16160	16061	15769	16747	77927	71910	19551					18993	17134	17348	15191	18285	21758	39084	48449					18037	17371	16600	17171	18364	46915	73301	17337					17216	18759	16799	19511	20922	16482	31129	79278					18705	17769	17725	19733	20339	60223	105159	17175																												
1:09:00	24.9	17067	16548	16814	17225	17780	13021	34176	62108					16170	16038	15677	15768	16527	76337	70028	19570					18651	16954	16975	14905	17587	21116	38361	47053					18040	17090	16322	16749	18162	46143	71560	17294					16964	18254	16470	18986	20453	16296	30566	77288					18403	17544	17328	19433	20077	58767	101776	17035																												
1:10:00	24.9	16914	16339	16439	17197	17557	12674	33687	60994					15588	15844	15473	15416	16223	74920	68829	18874					18304	16476	16948	14739	17344	20631	37210	46155					17520	16683	15889	16379	18005	44664	69937	17012					16417	17845	16118	18813	20464	15922	29794	75392					17934	17063	17166	19129	19742	57551	100071	16702																												
1:11:00	24.9	16236	15891	16260	16722	17179	12381	32813	59633					15404	15684	15073	14923	15858	73127	67235	18595					17927	16076	16495	14255	16775	20331	36618	45169					17163	16390	15508	16195	17925	43684	68017	16489					16128	17665	15820	18493	20197	15640	29216	73498					17728	16637	16623	18658	19815	56152	98232	16357																												
1:12:00	24.9	15961	15484	15937	16583	16773	12262	31770	58277					15217	15393	14868	14762	15421	71660	65734	18328					17727	16018	16199	13882	16581	19797	35753	44136					17075	15971	15323	16123	17535	42541	66913	16030					15774	17231	15333	18067	19918	15268	28346	71982					17214	16336	16354	18683	19293	54543	95942	16158																												
1:13:00	24.9	15658	15140	15722	16416	16325	12099	31079	56946					14790	14972	14495	14510	15173	70153	64380	18134					17528	15683	16008	13736	16027	19425	34908	42806					16578	15658	14917	15789	17442	41318	65400	15806					15544	17037	15075	17788	19875	14943	27962	70310					16942	15896	16028	18233	19322	52947	93563	15861																												
1:14:00	24.9	15529	15072	15238	15907	16213	11760	30243	55962					14694	14722	14220	14258	14885	68200	62795	17766					17425	15223	15706	13516	15806	18898	34233	42499					16243	15602	14614	15500	17177	40641	64089	15686					15159	16710	14911	17365	19522	14748	27240	68296					16564	15565	15750	17935	18898	52038	91787	15369																												
1:15:00	24.9	15138	14674	15047	15915	15983	11483	29697	54140					14577	14534	13768	13975	14699	67005	61417	17326					16757	15102	15457	13128	15429	18555	33675	41117					16105	15174	14313	15150	16973	39515	62414	15196					15054	16259	14551	17273	19450	14266	26324	67073					16516	15011	15423	17627	18689	50258	90146	15251																												
1:16:00	24.9	14868	14516	14978	15296	15416	11280	29019	53363					14182	14373	13599	13846	14444	65461	59982	17190					16638	14722	15172	12913	15186	18225	33054	40368					15640	14899	13950	15008	16773	38480	60720	15066					14466	16071	14185	16990	18833	14035	25896	65651					15957	14827	14975	17250	18511	49786	88202	15011																												
1:17:00	24.9	14741	14077	14558	15310	15177	11012	28471	51865					13941	14101	13438	13522	14266	64168	58912	16959					16467	14531	14723	12632	14813	17564	31809	39258					15586	14746	13695	14776	16740	37542	59215	14748					14239	15682	14001	16556	18767	13701	25178	64039					15777	14481	14692	16854	18274	47974	85880	14447																												
1:18:00	24.9	14215	14016	14332	15049	14829	10953	27846	50709					13592	13829	13060	13297	13986	62623	57560	16645					16022	14229	14541	12326	14507	17394	31175	38205					15182	14539	13529	14525	16514	36755	58232	14288					13948	15844	13495	16361	18746	13633	24700	62527					15523	14388	14620	16544	18089	46891	84129	14459																												
1:19:00	25.0	13957	13665	14166	14653	14565	10616	27017	49758					13117	13406	12764	12989	13419	61277	56220	16427					15597	14065	14348	12132	14391	17064	30600	37570					14858	14273	13189	14528	16198	35848	57139	14014					13703	15262	13318	15937	18351	13287	24205	60863					15360	13828	14148	16392	17884	46161	82634	14204																												
1:20:00	25.0	13654	13384	13800	14400	14367	10371	26344	48323					13099	13269	12678	12950	13382	60259	54949	16290					15455	13631	14042	11916	13882	16685	30057	36928					14712	13828	13006	14082	16003	35280	55373	13914					13360	14957	13026	15756	18133	12883	23809	59887					14597	13798	13820	16164	17780	44433	80597	13908																												
1:21:00	25.0	13496	13186	13579	14109	14034	10285	25739	47706					12853	13085	12347	12558	13203	59341	54008	15969					15061	13184	13923	11457	13776	16252	29383	36080					14505	13836	12595	13887	16032	33974	54738	13462					13376	14658	12859	15132	18013	12569	23319	58619					14677	13347	13717	15994	17503	43754	79310	13512																												
1:22:00	25.0	13179	13055	13442	13927	13880	9863	25080	46046					12607	12891	11998	12363	12996	58307	52834	15585					15055	13297	13530	11358	13367	15826	28925	35449					14061	13369	12557	13568	15876	33309	53487	13445					12743	14419	12544	15056	17960	12405	22380	57039					14319	13069	13477	15641	17196	42612	77861	13329																												
1:23:00	25.0	13004	12901	13305	13724	13520	9875	24775	45252					12328	12917	12022	12202	12603	56850	51677	15586					14727	12944	13259	11009	13085	15601	28033	34536					13805	13279	12312	13326	15523	32644	52292	13148					12816	14295	12182	14866	17566	12358	22154	55830					14132	12738	13243	15475	16711	41758	76124	13154																												
1:24:00	25.0	12792	12521	12966	13470	13225	9697	24035	44509					12221	12502	11531	12212	12554	55743	51225	15278					14308	12687	13185	10995	12739	15179	27658	33645					13554	12998	11858	13090	15383	32074	51195	12896					12434	13911	12023	14758	17389	11935	21626	54829					13868	12547	13035	15116	16895	40656	74790	13032																												
1:25:00	25.0	12494	12387	12653	13254	12982	9360	23740	43332					12066	12477	11362	11916	12134	54313	49779	15070					14427	12320	12826	10764	12559	14894	27018	33397					13238	12758	11743	12919	15289	31214	50527	12496					12158	13688	11619	14322	17001	11623	21252	53603					13578	12342	12557	15161	16800	39993	72794	12785																												
1:26:00	25.0	12314	12024	12543	13098	12645	9303	22976	42770					11801	12120	11194	11609	11870	53787	48700	14850					13957	12102	12517	10657	12276	14841	26583	32235					13094	12605	11524	12732	15122	30523	49068	12310					12041	13404	11468	14065	16940	11458	20929	52188					13348	12060	12485	14733	16454	39090	71696	12574																												
1:27:00	25.0	12155	12053	12230	12843	12604	9009	22894	41903					11628	11975	10975	11703	11603	52514	47908	14590					13874	12020	12597	10401	11782	14174	26132	31675					12947	12438	11303	12437	14901	29760	48474	12215					11699	13170	11294	13805	16870	11259	20194	51391					12931	11831	12132	14484	16235	37807	70268	12219																												
1:28:00	25.0	11927	11892	12283	12692	12265	9014	22078	40764					11307	11945	10845	11342	11497	51708	46869	14256					13860	11762	12138	10132	11803	13876	25656	31119					12847	12038	11014	12283	14789	29297	47161	11924					11488	12821	11100	13617	16739	10993	19887	50450					12887	11551	11935	14368	16080	37324	69196	12057																												
1:29:00	25.0	11706	11633	11925	12413	12054	8798	21679	40182					11104	11750	10581	11263	11153	50932	45753	14064					13330	11662	11941	9953	11786	13754	25424	30440					12584	12099	10664	12192	14471	28426	46226	11657					11297	12766	10749	13430	16292	10906	19762	48897					12723	11478	11777	13907	15818	36424	67860	11963																												
1:30:00	25.0	11567	11433	11644	12312	11676	8658	21367	39244					11037	11579	10513	11032	10966	49736	45317	13906					13190	11506	11812	9797	11315	13430	24609	30095					12385	11823	10626	11899	14268	27838	45178	11499					10973	12577	10567	13083	16240	10550	19121	48091					12417	11122	11556	13949	15577	35937	66727	11720																												
1:31:00	25.0	11304	11138	11670	12120	11591	8454	20625	38535					10786	11251	10243	10748	10933	48793	44300	13722					13024	11226	11735	9504	11066	13150	23990	29241					12295	11663	10516	11751	14224	26961	44501	11414					10868	12237	10493	12955	16069	10407	18487	47304					12086	11022	11457	13592	15478	35192	65450	11510																												
1:32:00	25.1	11300	11032	11262	11861	11449	8336	20429	37617					10611	11295	9998	10542	10636	48106	43645	13451					12896	11035	11527	9386	10911	12885	23684	28943					11943	11503	10223	11494	14062	26841	43336	11234					10598	12115	10208	12660	15722	10095	18190	46165					12093	10658	11122	13468	15226	34281	63824	11194																												
1:33:00	25.1	11114	11082	11177	11853	11281	8099	19869	36834					10677	11001	9936	10393	10589	47414	42576	13489					12632	10689	11398	9270	10803	12714	23197	28403					11860	11261	10083	11516	13918	26242	43012	11052					10503	11961	10084	12437	15563	9844	18153	45015					11659	10340	10735	13299	15011	33625	62879	11008																												
1:34:00	25.1	10807	10747	10885	11611	11161	7960	19630	36436					10255	10891	9571	10328	10252	46370	41929	12966					12388	10601	11084	8986	10534	12336	22754	28001					11738	11013	9982	11089	13658	25571	41949	10734					10154	11574	9767	12273	15357	9740	17700	44395					11671	10208	10668	13227	14888	32927	62028	10839																												
1:35:00	25.1	10712	10533	10800	11385	10812	7828	19193	35585					10107	10686	9595	10141	10182	45329	41370	13065					12182	10474	11023	8903	10258	12168	22482	27167					11441	10942	9832	10855	13488	25292	41277	10461					10100	11501	9622	12020	15192	9527	17314	43467					11439	10129	10424	12736	14926	32265	60800	10628																												
1:36:00	25.1	10573	10497	10547	11144	10861	7719	18776	35069					10042	10543	9290	9941	10011	44714	40663	12800					12021	10479	10894	8737	9952	11815	21902	26649					11382	10817	9495	10677	13356	24712	40337	10395					9748	11258	9430	11807	15030	9413	16972	42724					11083	9882	10282	12552	14588	31419	59563	10593																												
1:37:00	25.1	10484	10274	10465	11181	10473	7642	18292	34346					9753	10369	9302	10033	9754	43802	39906	12807					11981	10083	10718	8495	9903	11806	21416	26379					11085	10528	9218	10516	13280	24369	40116	10198					9626	11183	9112	11556	14958	9287	16610	41960					10906	9764	10287	12294	14320	30890	58952	10313																												
1:38:00	25.1	10218	10156	10252	10881	10295	7525	17968	33745					9659	10441	9109	9784	9650	43130	39145	12480					11879	9934	10467	8411	9824	11569	21050	25767					10984	10346	9204	10482	13131	23674	38957	9875					9404	10966	9085	11406	14518	9027	16249	41001					10857	9562	9946	12276	14171	30234	57718	10114																												
1:39:00	25.1	10074	9984	10158	10881	10205	7360	17446	33183					9607	10276	8947	9733	9362	42670	38362	12480					11663	9771	10422	8207	9524	11190	21009	25288					10776	10280	9107	10380	13005	23245	38397	9911					9454	10813	8881	11201	14499	8870	15945	40617					10660	9440	9891	12050	14281	29761	56898	10047																												
1:40:00	25.2	10088	9885	10041	10747	10131	7225	17164	32309					9201	9956	8727	9560	9458	41849	38043	12347					11557	9673	10221	8082	9455	11161	20386	25282					10685	10136	8787	10291	12792	22665	37709	9733					9155	10612	8807	11029	14225	8676	15749	39584					10399	9173	9695	11940	13995	29332	56022	9779																												
1:41:00	25.2	9769	9793	9886	10414	9960	6892	16988	32224					9259	9870	8480	9444	9097	41125	37304	12180					11224	9444	10014	7995	9093	10913	20124	24834					10472	10028	8705	10131	12626	22292	37068	9496					9126	10383	8752	10828	14220	8591	15420	38689					10272	9094	9439	11818	13754	28726	55139	9684																												
1:42:00	25.2	9663	9764	9821	10321	9886	7055	16412	31459					9234	9854	8531	9411	8927	40613	37293	11954					11279	9296	9965	7827	9107	10663	19907	24310					10362	10014	8560	9769	12599	22141	36289	9487					8952	10296	8378	10568	14065	8473	15080	38132					10175	8902	9305	11533	13531	28026	54093	9624																												
1:43:00	25.2	9784	9475	9560	10136	9748	6960	16209	30870					9133	9801	8353	9127	8805	39738	36297	11671					11089	9148	9821	7866	8802	10451	19513	24021					10189	9821	8537	9762	12543	21560	35960	9278					8736	10110	8326	10511	13811	8288	15033	37580					9886	8768	9031	11364	13541	27796	53161	9494																												
1:44:00	25.2	9500	9397	9337	10215	9501	6845	15989	30269					8903	9504	8273	9279	8766	39080	35715	11574					10823	8945	9625	7576	8821	10356	19157	23516					10323	9550	8255	9532	12330	21154	35282	9207					8563	10025	8101	10302	13549	8075	14703	37034					9918	8559	9116	11297	13276	27314	52600	9345																												
1:45:00	25.2	9465	9387	9047	9825	9503	6894	15710	29888					8673	9387	8114	9042	8692	38401	35213	11623					10597	8860	9586	7509	8572	10328	18804	23156					9962	9617	8102	9461	12015	20763	34839	8984					8505	9860	8089	9956	13512	7872	14372	36186					9594	8338	8816	11078	13076	27113	51154	9226																												
1:46:00	25.2	9252	9231	9232	9838	9337	6595	15451	29453					8536	9409	7967	8992	8411	37708	34604	11629					10582	8766	9260	7537	8547	9934	18656	22762					9824	9524	8035	9120	11958	20415	34234	8894					8339	9737	7840	10130	13375	7718	14130	35468					9606	8355	8754	10810	12958	26191	51119	9132																												
1:47:00	25.2	9219	9198	9101	9770	9135	6508	15071	28999					8487	9226	7804	8922	8384	37411	34034	11325					10448	8646	9343	7419	8353	10016	18334	22327					9710	9268	7799	9082	11671	20076	33472	8775					8269	9564	7707	9815	13123	7591	14092	35125					9418	8139	8545	10833	12824	25743	50295	8987																												
1:48:00	25.3	8987	9015	8866	9634	9189	6482	14918	28520					8206	9218	7775	8808	8273	36822	33751	11251					10258	8554	9283	7115	8240	9750	17914	22165					9518	9150	7806	8989	11484	19728	32953	8479					8145	9439	7687	9554	13047	7543	13755	34420					9149	7896	8209	10729	12557	25627	49529	8800																												
1:49:00	25.3	8997	8958	8862	9522	9156	6219	14749	27875					8266	8966	7689	8732	8084	36485	33262	10968					10241	8280	9112	7009	7926	9625	17534	21772					9432	9028	7847	8760	11600	19457	32571	8471					7833	9285	7424	9425	12888	7515	13605	33689					9097	7836	8339	10408	12513	24996	48602	8663																												
1:50:00	25.3	8802	8987	8649	9473	9069	6306	14535	27523					8091	8911	7541	8521	7997	36060	32935	10999					10098	8376	8957	7055	7790	9418	17379	21517					9562	9035	7512	8601	11429	19024	32258	8364					7850	9216	7457	9316	12675	7256	13314	33209					8937	7863	8130	10205	12434	24610	47697	8542																												
1:51:00	25.3	8939	8754	8371	9166	8869	6179	14032	27095					7991	8888	7453	8546	7854	35327	32207	11031					10034	8078	8911	6738	7831	9333	17268	21236					9241	8873	7431	8649	11299	18758	31529	8243					7748	9130	7186	9158	12458	7146	13108	32565					8794	7627	8165	10201	12176	24403	47435	8484																												
1:52:00	25.3	8801	8675	8317	9190	8776	6072	13767	26877					7838	8934	7366	8351	7839	35036	31678	10914					9896	8048	8821	6692	7744	9032	16948	20950					9213	8842	7311	8432	11002	18339	31325	8237					7630	9093	7280	9054	12476	7004	12902	31807					8815	7566	7852	10022	11935	23871	46493	8440																												
1:53:00	25.3	8590	8708	8295	9098	8680	5985	13639	26322					7805	8809	7223	8410	7659	34466	31157	10573					9797	8048	8656	6744	7535	9129	16782	20777					8979	8643	7308	8239	11040	18285	30464	8028					7533	8829	7096	8981	12086	6979	12733	31667					8759	7397	7818	9865	11905	23535	46100	8341																												
1:54:00	25.3	8494	8610	8291	9052	8675	5926	13531	26292					7818	8622	7105	8211	7555	34056	30696	10578					9645	7740	8569	6622	7489	8863	16465	20358					8744	8550	7113	8224	10890	18040	30372	7918					7432	8747	6966	8768	12174	6813	12532	31216					8465	7471	7727	9744	11798	23247	45247	8168																												
1:55:00	25.3	8536	8500	8003	9078	8463	5950	13232	25453					7577	8623	7087	8261	7486	33088	30502	10433					9434	7753	8457	6469	7404	8579	16150	20205					8947	8662	7127	8159	10700	17734	29630	7755					7228	8677	6860	8724	11999	6624	12390	30554					8354	7292	7548	9637	11601	22963	44629	8144																												
1:56:00	25.3	8534	8412	7906	8687	8468	5822	13103	25556					7446	8539	7134	8048	7363	32927	30272	10417					9427	7515	8474	6360	7206	8630	16003	19915					8787	8422	6982	8027	10664	17334	29362	7708					7167	8554	6610	8670	11755	6667	11965	30141					8249	7138	7432	9448	11415	22444	44259	8057																												
1:57:00	25.3	8475	8299	7740	8686	8403	5662	12737	24922					7361	8434	6920	7978	7268	32616	29940	10207					9472	7403	8437	6341	7166	8543	15869	19445					8603	8167	7075	7815	10557	17005	29003	7625					7265	8459	6681	8358	11779	6429	11925	29605					8083	7048	7295	9444	11512	22099	43312	7796																												
1:58:00	25.3	8242	8317	7751	8660	8144	5505	12537	24332					7309	8385	6707	8120	7077	32035	29331	10133					9421	7434	8145	6238	6983	8234	15438	19285					8789	8185	6714	7696	10367	16987	28682	7623					7086	8333	6444	8199	11586	6321	11871	29209					7955	6889	7298	9296	11239	21760	42941	7725																												
1:59:00	25.3	8061	8138	7549	8478	8025	5586	12308	24058					7308	8274	6859	7904	7078	31525	28958	9964					9147	7217	8161	6200	6960	7975	15248	19206					8529	8171	6547	7681	10254	16486	28332	7393					6959	8047	6544	8023	11419	6190	11598	29105					7907	6650	7218	9051	11079	21553	42208	7742																												
2:00:00	25.3	8309	7940	7631	8567	8161	5523	12133	23911					7022	8082	6603	7962	6937	31060	28872	9943					9129	7083	8122	6173	6814	8157	15118	18706					8360	7999	6575	7505	10178	16171	27620	7165					6876	8167	6385	8149	11366	5985	11373	28564					7930	6631	7016	8995	10911	21263	41765	7557																												

Results
	1	2	3	4	5	6	7	8	9	10	11	12
A	-984000.000	-951000.000	-849000.000	-1089000.000	-1463000.000	-852000.000	-4877000.000	-12192000.000	?????	?????	?????	?????	Max V [Lum]
	1.000	1.000	1.000	1.000	1.000	1.000	1.000	1.000	?????	?????	?????	?????	R-Squared [Lum]
	0:47:30	0:27:30	0:32:30	0:19:30	0:15:30	0:28:30	0:14:30	0:13:30	?????	?????	?????	?????	t at Max V [Lum]
	0:19:39	0:13:04	0:15:48	0:10:02	0:09:14	0:14:14	0:08:19	0:06:46	?????	?????	?????	?????	Lagtime [Lum]
B	-1078000.000	-1283000.000	-1160000.000	-1047000.000	-1126000.000	-16108000.000	-19352000.000	-1136000.000	?????	?????	?????	?????	Max V [Lum]
	1.000	1.000	1.000	1.000	1.000	1.000	1.000	1.000	?????	?????	?????	?????	R-Squared [Lum]
	0:25:30	0:13:30	0:26:30	0:05:30	0:10:30	0:01:30	0:01:30	0:28:30	?????	?????	?????	?????	t at Max V [Lum]
	0:14:35	0:09:58	0:15:28	0:04:18	0:07:36	0:00:19	0:00:26	0:12:38	?????	?????	?????	?????	Lagtime [Lum]
C	-1153000.000	-934000.000	-1395000.000	-987000.000	-1134000.000	-3275000.000	-5166000.000	-9718000.000	?????	?????	?????	?????	Max V [Lum]
	1.000	1.000	1.000	1.000	1.000	1.000	1.000	1.000	?????	?????	?????	?????	R-Squared [Lum]
	0:17:30	0:34:30	0:27:30	0:16:30	0:31:30	0:00:30	0:09:30	0:08:30	?????	?????	?????	?????	t at Max V [Lum]
	0:09:30	0:16:23	0:17:46	0:10:10	0:13:49	0:00:00	0:03:36	0:03:14	?????	?????	?????	?????	Lagtime [Lum]
D	-1213000.000	-1228000.000	-1064000.000	-930000.000	-549000.000	-15065000.000	-15829000.000	-1264000.000	?????	?????	?????	?????	Max V [Lum]
	1.000	1.000	1.000	1.000	1.000	1.000	1.000	1.000	?????	?????	?????	?????	R-Squared [Lum]
	0:28:30	0:23:30	0:26:30	0:24:30	0:52:30	0:01:30	0:00:30	0:05:30	?????	?????	?????	?????	t at Max V [Lum]
	0:14:15	0:13:42	0:15:22	0:20:09	0:42:02	0:00:04	0:00:00	0:02:28	?????	?????	?????	?????	Lagtime [Lum]
E	-1305000.000	-1351000.000	-989000.000	-1121000.000	-648000.000	-1071000.000	-4756000.000	-12365000.000	?????	?????	?????	?????	Max V [Lum]
	1.000	1.000	1.000	1.000	1.000	1.000	1.000	1.000	?????	?????	?????	?????	R-Squared [Lum]
	0:14:30	0:24:30	0:19:30	0:47:30	0:35:30	0:16:30	0:08:30	0:10:30	?????	?????	?????	?????	t at Max V [Lum]
	0:08:42	0:15:01	0:10:42	0:30:12	0:27:48	0:09:20	0:03:31	0:06:48	?????	?????	?????	?????	Lagtime [Lum]
F	-1232000.000	-1395000.000	-1094000.000	-854000.000	-721000.000	-21402000.000	-22471000.000	-1363000.000	?????	?????	?????	?????	Max V [Lum]
	1.000	1.000	1.000	1.000	1.000	1.000	1.000	1.000	?????	?????	?????	?????	R-Squared [Lum]
	0:24:30	0:15:30	0:28:30	0:25:30	0:24:30	0:00:30	0:08:30	0:11:30	?????	?????	?????	?????	t at Max V [Lum]
	0:09:48	0:07:23	0:12:24	0:12:21	0:16:36	0:00:00	0:03:47	0:04:05	?????	?????	?????	?????	Lagtime [Lum]
G	?????	?????	?????	?????	?????	?????	?????	?????	?????	?????	?????	?????	Max V [Lum]
	?????	?????	?????	?????	?????	?????	?????	?????	?????	?????	?????	?????	R-Squared [Lum]
	?????	?????	?????	?????	?????	?????	?????	?????	?????	?????	?????	?????	t at Max V [Lum]
	?????	?????	?????	?????	?????	?????	?????	?????	?????	?????	?????	?????	Lagtime [Lum]
H	?????	?????	?????	?????	?????	?????	?????	?????	?????	?????	?????	?????	Max V [Lum]
	?????	?????	?????	?????	?????	?????	?????	?????	?????	?????	?????	?????	R-Squared [Lum]
	?????	?????	?????	?????	?????	?????	?????	?????	?????	?????	?????	?????	t at Max V [Lum]
	?????	?????	?????	?????	?????	?????	?????	?????	?????	?????	?????	?????	Lagtime [Lum]

